1.57862e-06 3.23912e-06 6.24356e-06 1.13056e-05 1.92315e-05 3.07319e-05 4.6134e-05 6.50594e-05 8.61897e-05 0.000107265 0.000125405 0.000137731 0.000142103 0.000137731 0.000125405 0.000107265 8.61897e-05 6.50594e-05 4.6134e-05 3.07319e-05 1.92315e-05 1.13056e-05 6.24356e-06 3.23912e-06 1.57862e-06 3.23912e-06 6.64624e-06 1.2811e-05 2.31977e-05 3.94605e-05 6.30578e-05 9.46609e-05 0.000133493 0.00017685 0.000220093 0.000257315 0.000282605 0.000291576 0.000282605 0.000257315 0.000220093 0.00017685 0.000133493 9.46609e-05 6.30578e-05 3.94605e-05 2.31977e-05 1.2811e-05 6.64624e-06 3.23912e-06 6.24356e-06 1.2811e-05 2.46938e-05 4.47146e-05 7.60622e-05 0.000121547 0.000182464 0.000257315 0.000340887 0.000424241 0.000495988 0.000544736 0.000562028 0.000544736 0.000495988 0.000424241 0.000340887 0.000257315 0.000182464 0.000121547 7.60622e-05 4.47146e-05 2.46938e-05 1.2811e-05 6.24356e-06 1.13056e-05 2.31977e-05 4.47146e-05 8.09678e-05 0.000137731 0.000220093 0.000330399 0.000465937 0.000617267 0.000768201 0.000898118 0.000986389 0.0010177 0.000986389 0.000898118 0.000768201 0.000617267 0.000465937 0.000330399 0.000220093 0.000137731 8.09678e-05 4.47146e-05 2.31977e-05 1.13056e-05 1.92315e-05 3.94605e-05 7.60622e-05 0.000137731 0.000234288 0.000374391 0.000562028 0.000792586 0.00105001 0.00130675 0.00152775 0.0016779 0.00173117 0.0016779 0.00152775 0.00130675 0.00105001 0.000792586 0.000562028 0.000374391 0.000234288 0.000137731 7.60622e-05 3.94605e-05 1.92315e-05 3.07319e-05 6.30578e-05 0.000121547 0.000220093 0.000374391 0.000598275 0.000898118 0.00126655 0.0016779 0.00208819 0.00244134 0.00268128 0.0027664 0.00268128 0.00244134 0.00208819 0.0016779 0.00126655 0.000898118 0.000598275 0.000374391 0.000220093 0.000121547 6.30578e-05 3.07319e-05 4.6134e-05 9.46609e-05 0.000182464 0.000330399 0.000562028 0.000898118 0.00134823 0.00190132 0.00251883 0.00313474 0.00366488 0.00402508 0.00415285 0.00402508 0.00366488 0.00313474 0.00251883 0.00190132 0.00134823 0.000898118 0.000562028 0.000330399 0.000182464 9.46609e-05 4.6134e-05 6.50594e-05 0.000133493 0.000257315 0.000465937 0.000792586 0.00126655 0.00190132 0.00268128 0.00355212 0.00442068 0.00516821 0.00567582 0.0058557 0.00567582 0.00516821 0.00442068 0.00355212 0.00268128 0.00190132 0.00126655 0.000792586 0.000465937 0.000257315 0.000133493 6.50594e-05 8.61897e-05 0.00017685 0.000340887 0.000617267 0.00105001 0.0016779 0.00251883 0.00355212 0.00470578 0.0058557 0.00683761 0.0074782 0.00768989 0.0074782 0.00683761 0.0058557 0.00470578 0.00355212 0.00251883 0.0016779 0.00105001 0.000617267 0.000340887 0.00017685 8.61897e-05 0.000107265 0.000220093 0.000424241 0.000768201 0.00130675 0.00208819 0.00313474 0.00442068 0.0058557 0.00726323 0.0082134 0.00797957 0.00738203 0.00797957 0.0082134 0.00726323 0.0058557 0.00442068 0.00313474 0.00208819 0.00130675 0.000768201 0.000424241 0.000220093 0.000107265 0.000125405 0.000257315 0.000495988 0.000898118 0.00152775 0.207441 0.00366488 0.00516821 0.00683761 0.0082134 0.00621357 0 0 0 0.00621357 0.0082134 0.00683761 0.00516821 0.00366488 0.00244134 0.00152775 0.000898118 0.000495988 0.000257315 0.000125405 0.000137731 0.000282605 0.000544736 0.000986389 0.0016779 0.00268128 0.00402508 0.00567582 0.0074782 0.00797957 0 0 0 0 0 0.00797957 0.0074782 0.00567582 0.00402508 0.00268128 0.0016779 0.000986389 0.000544736 0.000282605 0.000137731 0.000142103 0.000291576 0.000562028 0.0010177 0.00173117 0.0027664 0.00415285 0.0058557 0.00768989 0.00738203 0 0 0 0 0 0.00738203 0.00768989 0.0058557 0.00415285 0.0027664 0.00173117 0.0010177 0.000562028 0.000291576 0.000142103 0.000137731 0.000282605 0.000544736 0.000986389 0.0016779 0.00268128 0.00402508 0.00567582 0.0074782 0.00797957 0 0 0 0 0 0.00797957 0.0074782 0.00567582 0.00402508 0.00268128 0.0016779 0.000986389 0.000544736 0.000282605 0.000137731 0.000125405 0.000257315 0.000495988 0.000898118 0.00152775 0.00244134 0.00366488 0.00516821 0.00683761 0.0082134 0.00621357 0 0 0 0.00621357 0.0082134 0.00683761 0.00516821 0.00366488 0.00244134 0.00152775 0.000898118 0.000495988 0.000257315 0.000125405 0.000107265 0.000220093 0.000424241 0.000768201 0.00130675 0.00208819 0.00313474 0.00442068 0.0058557 0.00726323 0.0082134 0.00797957 0.00738203 0.00797957 0.0082134 0.00726323 0.0058557 0.00442068 0.00313474 0.00208819 0.00130675 0.000768201 0.000424241 0.000220093 0.000107265 8.61897e-05 0.00017685 0.000340887 0.000617267 0.00105001 0.0016779 0.00251883 0.00355212 0.00470578 0.0058557 0.00683761 0.0074782 0.00768989 0.0074782 0.00683761 0.0058557 0.00470578 0.00355212 0.00251883 0.0016779 0.00105001 0.000617267 0.000340887 0.00017685 8.61897e-05 6.50594e-05 0.000133493 0.000257315 0.000465937 0.000792586 0.00126655 0.00190132 0.00268128 0.00355212 0.00442068 0.00516821 0.00567582 0.0058557 0.00567582 0.00516821 0.00442068 0.00355212 0.00268128 0.00190132 0.00126655 0.000792586 0.000465937 0.000257315 0.000133493 6.50594e-05 4.6134e-05 9.46609e-05 0.000182464 0.000330399 0.000562028 0.000898118 0.00134823 0.00190132 0.00251883 0.00313474 0.00366488 0.00402508 0.00415285 0.00402508 0.00366488 0.00313474 0.00251883 0.00190132 0.00134823 0.000898118 0.000562028 0.000330399 0.000182464 9.46609e-05 4.6134e-05 3.07319e-05 6.30578e-05 0.000121547 0.000220093 0.000374391 0.000598275 0.000898118 0.00126655 0.0016779 0.00208819 0.00244134 0.00268128 0.0027664 0.00268128 0.00244134 0.00208819 0.0016779 0.00126655 0.000898118 0.000598275 0.000374391 0.000220093 0.000121547 6.30578e-05 3.07319e-05 1.92315e-05 3.94605e-05 7.60622e-05 0.000137731 0.000234288 0.000374391 0.000562028 0.000792586 0.00105001 0.00130675 0.00152775 0.0016779 0.00173117 0.0016779 0.00152775 0.00130675 0.00105001 0.000792586 0.000562028 0.000374391 0.000234288 0.000137731 7.60622e-05 3.94605e-05 1.92315e-05 1.13056e-05 2.31977e-05 4.47146e-05 8.09678e-05 0.000137731 0.000220093 0.000330399 0.000465937 0.000617267 0.000768201 0.000898118 0.000986389 0.0010177 0.000986389 0.000898118 0.000768201 0.000617267 0.000465937 0.000330399 0.000220093 0.000137731 8.09678e-05 4.47146e-05 2.31977e-05 1.13056e-05 6.24356e-06 1.2811e-05 2.46938e-05 4.47146e-05 7.60622e-05 0.000121547 0.000182464 0.000257315 0.000340887 0.000424241 0.000495988 0.000544736 0.000562028 0.000544736 0.000495988 0.000424241 0.000340887 0.000257315 0.000182464 0.000121547 7.60622e-05 4.47146e-05 2.46938e-05 1.2811e-05 6.24356e-06 3.23912e-06 6.64624e-06 1.2811e-05 2.31977e-05 3.94605e-05 6.30578e-05 9.46609e-05 0.000133493 0.00017685 0.000220093 0.000257315 0.000282605 0.000291576 0.000282605 0.000257315 0.000220093 0.00017685 0.000133493 9.46609e-05 6.30578e-05 3.94605e-05 2.31977e-05 1.2811e-05 6.64624e-06 3.23912e-06 1.57862e-06 3.23912e-06 6.24356e-06 1.13056e-05 1.92315e-05 3.07319e-05 4.6134e-05 6.50594e-05 8.61897e-05 0.000107265 0.000125405 0.000137731 0.000142103 0.000137731 0.000125405 0.000107265 8.61897e-05 6.50594e-05 4.6134e-05 3.07319e-05 1.92315e-05 1.13056e-05 6.24356e-06 3.23912e-06 1.57862e-06 